**adam on back
10epoch
zeros flatten
[Finished in 227.616s]
np.stack
[Finished in 184.369s]
zeros1回とravel
[Finished in 172.737s]
reshapeとravel1回減
[Finished in 115.222s]
ravel一回減
[Finished in 111.402s]

20epoch
stack
[Finished in 574.696s]

[Finished in 648.958s]

3epoch
[Finished in 123.412s]

[Finished in 25.197s]




convolution32
0
13.231993124
[2 3 3 3 3 3 3 3 3 3 3 3 3 3 3 3 3 8 3 3 3 3 3 3 3 8 3 3 3 2 3 3 2 3 3 3 3
 1 3 3 3 3 3 3 3 1 3 3 3 3 1 3 1 3 3 3 8 1 2 2 2 3 3 3 3 3 2 3 3 3 3 3 3 3
 3 2 3 1 3 3 2 3 3 3 3 3 3 3 1 5 2 3 1 3 8 1 3 3 8 2]
[6 3 4 0 7 3 0 5 2 0 8 1 7 1 3 1 8 5 7 4 1 3 5 0 8 2 7 9 9 6 2 4 6 8 8 3 2
 2 8 0 9 5 9 4 2 2 7 1 2 8 0 2 0 8 2 3 5 7 3 5 5 3 2 9 8 5 5 7 7 1 7 1 3 7
 4 3 7 6 4 4 1 9 5 1 2 8 3 7 2 8 7 9 0 4 3 3 7 5 6 3]
0.00015
1
0.0936686641189
[5 0 3 8 1 7 8 5 7 5 4 5 7 3 2 7 4 4 2 1 1 4 9 1 1 3 4 9 8 8 3 9 9 5 1 5 3
 8 9 9 5 5 5 4 4 4 5 5 7 4 9 2 7 3 1 5 2 6 0 4 1 8 4 4 4 8 6 1 4 5 0 3 7 8
 8 7 7 0 1 0 3 3 1 8 3 6 6 7 5 9 3 8 5 2 4 4 6 5 3 9]
[5 0 3 0 1 7 8 5 7 5 4 5 7 3 2 7 4 4 2 1 1 4 9 1 1 3 4 9 8 8 3 9 9 5 1 5 3
 8 9 9 5 5 5 4 4 4 5 5 7 4 9 2 7 5 1 5 2 6 0 4 1 8 4 4 4 8 6 1 4 5 0 3 7 8
 8 7 7 0 1 0 3 3 1 8 3 6 6 7 5 9 3 8 8 2 4 4 6 5 3 9]
0.8819
2
0.0306537498608
[7 4 9 4 1 0 6 8 5 6 5 3 4 0 7 5 5 9 9 4 9 8 0 1 6 0 9 4 4 7 3 4 1 5 1 6 0
 9 5 6 6 2 6 3 7 7 9 2 7 6 3 2 4 3 8 1 0 7 2 7 9 3 2 7 3 7 2 9 6 9 4 8 0 7
 7 7 9 8 0 0 6 8 8 2 4 2 3 1 9 8 7 4 7 4 5 8 9 1 7 6]
[7 4 9 4 1 0 6 8 5 6 5 3 4 0 7 5 5 9 9 4 9 8 0 1 6 0 9 4 4 7 3 4 1 5 1 6 0
 9 5 6 6 2 6 3 7 7 9 2 7 6 3 2 4 3 8 1 0 7 2 7 9 3 2 7 3 7 2 9 6 9 4 8 0 7
 7 7 9 8 0 0 6 8 8 2 4 2 3 1 9 8 7 4 7 4 5 8 9 1 7 6]
0.960683333333
3
0.112370637068
[7 6 8 3 3 7 7 1 6 3 4 6 1 8 8 1 3 3 1 0 0 7 6 3 0 8 0 4 1 0 4 1 8 2 1 2 2
 6 9 7 4 6 3 6 2 3 0 1 3 0 0 7 9 4 7 5 0 0 6 2 9 0 0 1 9 5 0 6 3 7 9 6 3 3
 9 8 1 8 9 6 1 5 4 4 9 3 0 7 5 6 9 9 7 2 3 1 1 6 2 2]
[7 6 8 3 3 7 7 1 6 3 4 6 1 8 8 1 3 3 1 0 0 7 6 3 0 8 0 4 1 0 4 1 8 2 1 2 2
 6 9 7 4 6 3 6 2 3 0 1 3 0 0 7 3 4 7 5 0 0 6 2 9 0 0 1 9 5 0 6 3 7 9 6 3 3
 9 8 1 8 9 6 1 5 4 4 9 3 0 7 5 6 9 9 7 2 3 1 1 6 2 2]
0.9734
4
0.028688277926
[5 6 1 1 2 3 3 6 3 0 6 3 5 2 1 0 2 6 8 5 1 6 9 3 8 6 6 1 3 4 1 0 3 6 1 8 4
 4 3 6 1 0 5 1 7 0 4 2 9 1 2 3 5 8 8 7 3 2 9 8 7 7 1 2 7 4 2 6 7 4 8 1 7 1
 1 4 7 3 6 2 7 3 8 9 6 8 0 0 7 2 1 2 7 2 4 7 3 0 6 8]
[5 6 1 1 2 3 3 6 3 0 6 3 5 2 1 0 2 6 8 5 1 6 9 3 8 6 6 1 3 4 1 0 3 6 1 8 4
 4 3 6 1 5 5 1 7 0 4 2 9 1 2 3 5 8 8 7 3 2 9 8 7 7 1 2 7 4 2 6 7 4 8 1 7 1
 1 4 7 3 6 2 7 3 8 9 6 8 0 0 7 2 1 2 7 2 4 7 3 0 6 8]
0.97985
5
0.0388042462185
[9 1 5 9 8 6 4 2 2 2 9 9 8 0 1 2 3 8 8 5 6 9 2 8 9 2 0 5 4 6 7 2 6 1 4 4 0
 7 2 0 1 6 0 1 4 0 7 6 8 9 1 0 4 0 0 6 1 5 8 8 3 2 2 6 2 0 6 5 9 8 4 3 3 7
 1 2 7 3 1 0 8 4 7 1 9 4 1 9 6 6 0 2 3 6 7 7 6 3 3 2]
[9 1 5 3 8 6 4 2 2 2 9 9 8 0 1 2 3 8 8 5 6 7 2 8 9 2 0 5 4 6 7 2 6 1 4 4 0
 7 2 0 1 6 0 1 4 0 7 6 8 9 1 0 4 0 0 6 1 5 8 8 3 2 2 6 2 0 6 5 9 8 4 3 3 7
 1 2 7 3 1 0 8 4 7 1 9 4 1 9 6 6 0 2 3 6 7 7 6 3 3 2]
0.9843
6
0.0136467888108
[9 4 6 1 3 0 9 2 6 1 4 1 1 6 1 1 4 2 0 4 3 2 0 9 7 8 6 8 4 1 8 9 5 7 3 2 4
 6 7 1 5 4 1 1 8 2 7 8 9 6 8 7 6 1 4 6 2 4 9 0 2 1 4 0 7 0 2 0 4 0 4 6 1 5
 8 9 1 6 4 4 4 9 1 7 6 2 3 9 6 1 5 1 6 7 7 3 4 3 2 2]
[9 4 6 1 3 0 9 2 6 1 4 1 1 6 1 1 4 2 0 4 3 2 0 9 7 8 6 8 4 1 8 9 5 7 3 2 4
 6 7 1 5 4 1 1 8 2 7 8 9 6 8 7 6 1 4 6 2 4 9 0 2 1 4 0 7 0 2 0 4 0 4 6 1 5
 8 9 1 6 4 4 4 9 1 7 6 2 3 9 6 1 5 1 6 7 7 3 4 3 2 2]
0.986616666667
7
0.00249797346853
[7 4 5 8 1 5 7 1 1 7 4 4 4 6 8 2 8 0 8 9 6 1 1 3 5 2 2 6 7 8 2 3 5 0 7 4 8
 3 2 7 2 6 4 6 5 5 0 6 7 3 3 8 2 9 1 3 8 6 0 4 7 4 7 1 9 0 6 2 0 7 0 8 0 5
 3 0 8 3 0 2 4 5 3 5 1 6 5 2 7 4 7 8 5 1 7 8 3 4 2 2]
[7 4 5 8 1 5 7 1 1 7 4 4 4 6 8 2 8 0 8 9 6 1 1 3 5 2 2 6 7 8 2 3 5 0 7 4 8
 3 2 7 2 6 4 6 5 5 0 6 7 3 3 8 2 9 1 3 8 6 0 4 7 4 7 1 9 0 6 2 0 7 0 8 0 5
 3 0 8 3 0 2 4 5 3 5 1 6 5 2 7 4 7 8 5 1 7 8 3 4 2 2]
0.990416666667
8
0.0249806451473
[7 1 4 1 4 4 7 3 7 5 6 1 3 9 3 6 1 2 9 1 0 9 6 5 9 8 9 9 4 9 9 7 4 1 1 7 6
 2 7 6 7 9 2 4 9 3 4 7 6 5 7 2 0 5 5 1 1 3 3 4 2 0 7 9 1 5 2 8 2 9 9 5 8 0
 2 8 1 1 3 4 0 9 3 5 9 9 2 2 8 6 9 2 9 2 6 7 2 4 5 5]
[7 8 4 1 4 4 7 3 7 5 6 1 3 9 3 6 1 2 9 1 0 9 6 5 9 8 9 9 4 9 9 7 4 1 1 7 6
 2 7 6 7 9 2 4 9 3 4 7 6 5 7 2 0 5 5 1 1 3 3 4 2 0 7 9 1 5 2 8 2 9 9 5 8 0
 2 8 1 1 3 4 0 9 3 5 9 9 2 2 8 5 9 2 9 2 6 7 2 4 5 5]
0.991233333333
9
0.00225277363686
[9 8 2 1 8 1 1 1 5 1 8 4 1 6 2 8 1 0 3 4 2 2 3 4 1 3 7 0 6 9 5 6 7 0 7 1 9
 5 0 4 6 9 5 2 8 4 2 1 6 5 0 1 2 8 6 9 1 3 2 5 9 3 2 8 0 6 5 0 9 0 2 0 4 3
 1 7 3 3 2 6 3 2 3 5 4 2 7 6 6 6 7 8 1 1 0 5 5 8 1 6]
[9 8 2 1 8 1 1 1 5 1 8 4 1 6 2 8 1 0 3 4 2 2 3 4 1 3 7 0 6 9 5 6 7 0 7 1 9
 5 0 4 6 9 5 2 8 4 2 1 6 5 0 1 2 8 6 9 1 3 2 5 9 3 2 8 0 6 5 0 9 0 2 0 4 3
 1 7 3 3 2 6 3 2 3 5 4 2 7 6 6 6 7 8 1 1 0 5 5 8 1 6]
0.99145
10
0.00696795253468
[2 1 7 9 0 3 0 4 6 6 8 3 5 8 7 8 3 3 0 4 3 6 4 2 7 0 8 2 7 5 8 8 4 5 6 5 0
 4 2 9 7 9 2 7 8 2 3 5 1 6 9 0 8 7 7 9 8 9 1 1 0 9 2 3 7 7 0 8 8 4 7 3 2 3
 2 5 5 2 6 1 7 8 6 2 0 6 7 7 7 2 6 8 7 0 3 9 2 8 7 1]
[2 1 7 9 0 3 0 4 6 6 8 3 5 8 7 8 3 3 0 4 3 6 4 2 7 0 8 2 7 5 8 8 4 5 6 5 0
 4 2 9 7 9 2 7 8 2 3 5 1 6 9 0 8 7 7 9 8 9 1 1 0 9 2 3 7 7 0 8 8 4 7 3 2 3
 2 5 5 2 6 1 7 8 6 2 0 6 7 7 7 2 6 8 7 0 3 9 2 8 7 1]
0.994466666667





convolution 32
0
13.231993124
[2 3 3 3 3 3 3 3 3 3 3 3 3 3 3 3 3 8 3 3 3 3 3 3 3 8 3 3 3 2 3 3 2 3 3 3 3
 1 3 3 3 3 3 3 3 1 3 3 3 3 1 3 1 3 3 3 8 1 2 2 2 3 3 3 3 3 2 3 3 3 3 3 3 3
 3 2 3 1 3 3 2 3 3 3 3 3 3 3 1 5 2 3 1 3 8 1 3 3 8 2]
[6 3 4 0 7 3 0 5 2 0 8 1 7 1 3 1 8 5 7 4 1 3 5 0 8 2 7 9 9 6 2 4 6 8 8 3 2
 2 8 0 9 5 9 4 2 2 7 1 2 8 0 2 0 8 2 3 5 7 3 5 5 3 2 9 8 5 5 7 7 1 7 1 3 7
 4 3 7 6 4 4 1 9 5 1 2 8 3 7 2 8 7 9 0 4 3 3 7 5 6 3]
0.00015
.\convolutionNN.py:35: RuntimeWarning: divide by zero encountered in log
  return np.sum(AnsY * np.log(y) * -1, axis=0)
.\convolutionNN.py:35: RuntimeWarning: invalid value encountered in multiply
  return np.sum(AnsY * np.log(y) * -1, axis=0)
1
0.0936686641189
[5 0 3 8 1 7 8 5 7 5 4 5 7 3 2 7 4 4 2 1 1 4 9 1 1 3 4 9 8 8 3 9 9 5 1 5 3
 8 9 9 5 5 5 4 4 4 5 5 7 4 9 2 7 3 1 5 2 6 0 4 1 8 4 4 4 8 6 1 4 5 0 3 7 8
 8 7 7 0 1 0 3 3 1 8 3 6 6 7 5 9 3 8 5 2 4 4 6 5 3 9]
[5 0 3 0 1 7 8 5 7 5 4 5 7 3 2 7 4 4 2 1 1 4 9 1 1 3 4 9 8 8 3 9 9 5 1 5 3
 8 9 9 5 5 5 4 4 4 5 5 7 4 9 2 7 5 1 5 2 6 0 4 1 8 4 4 4 8 6 1 4 5 0 3 7 8
 8 7 7 0 1 0 3 3 1 8 3 6 6 7 5 9 3 8 8 2 4 4 6 5 3 9]
0.8819
2
0.0306537498608
[7 4 9 4 1 0 6 8 5 6 5 3 4 0 7 5 5 9 9 4 9 8 0 1 6 0 9 4 4 7 3 4 1 5 1 6 0
 9 5 6 6 2 6 3 7 7 9 2 7 6 3 2 4 3 8 1 0 7 2 7 9 3 2 7 3 7 2 9 6 9 4 8 0 7
 7 7 9 8 0 0 6 8 8 2 4 2 3 1 9 8 7 4 7 4 5 8 9 1 7 6]
[7 4 9 4 1 0 6 8 5 6 5 3 4 0 7 5 5 9 9 4 9 8 0 1 6 0 9 4 4 7 3 4 1 5 1 6 0
 9 5 6 6 2 6 3 7 7 9 2 7 6 3 2 4 3 8 1 0 7 2 7 9 3 2 7 3 7 2 9 6 9 4 8 0 7
 7 7 9 8 0 0 6 8 8 2 4 2 3 1 9 8 7 4 7 4 5 8 9 1 7 6]
0.960683333333
3
0.112370637068
[7 6 8 3 3 7 7 1 6 3 4 6 1 8 8 1 3 3 1 0 0 7 6 3 0 8 0 4 1 0 4 1 8 2 1 2 2
 6 9 7 4 6 3 6 2 3 0 1 3 0 0 7 9 4 7 5 0 0 6 2 9 0 0 1 9 5 0 6 3 7 9 6 3 3
 9 8 1 8 9 6 1 5 4 4 9 3 0 7 5 6 9 9 7 2 3 1 1 6 2 2]
[7 6 8 3 3 7 7 1 6 3 4 6 1 8 8 1 3 3 1 0 0 7 6 3 0 8 0 4 1 0 4 1 8 2 1 2 2
 6 9 7 4 6 3 6 2 3 0 1 3 0 0 7 3 4 7 5 0 0 6 2 9 0 0 1 9 5 0 6 3 7 9 6 3 3
 9 8 1 8 9 6 1 5 4 4 9 3 0 7 5 6 9 9 7 2 3 1 1 6 2 2]
0.9734
4
0.028688277926
[5 6 1 1 2 3 3 6 3 0 6 3 5 2 1 0 2 6 8 5 1 6 9 3 8 6 6 1 3 4 1 0 3 6 1 8 4
 4 3 6 1 0 5 1 7 0 4 2 9 1 2 3 5 8 8 7 3 2 9 8 7 7 1 2 7 4 2 6 7 4 8 1 7 1
 1 4 7 3 6 2 7 3 8 9 6 8 0 0 7 2 1 2 7 2 4 7 3 0 6 8]
[5 6 1 1 2 3 3 6 3 0 6 3 5 2 1 0 2 6 8 5 1 6 9 3 8 6 6 1 3 4 1 0 3 6 1 8 4
 4 3 6 1 5 5 1 7 0 4 2 9 1 2 3 5 8 8 7 3 2 9 8 7 7 1 2 7 4 2 6 7 4 8 1 7 1
 1 4 7 3 6 2 7 3 8 9 6 8 0 0 7 2 1 2 7 2 4 7 3 0 6 8]
0.97985
5
0.0388042462185
[9 1 5 9 8 6 4 2 2 2 9 9 8 0 1 2 3 8 8 5 6 9 2 8 9 2 0 5 4 6 7 2 6 1 4 4 0
 7 2 0 1 6 0 1 4 0 7 6 8 9 1 0 4 0 0 6 1 5 8 8 3 2 2 6 2 0 6 5 9 8 4 3 3 7
 1 2 7 3 1 0 8 4 7 1 9 4 1 9 6 6 0 2 3 6 7 7 6 3 3 2]
[9 1 5 3 8 6 4 2 2 2 9 9 8 0 1 2 3 8 8 5 6 7 2 8 9 2 0 5 4 6 7 2 6 1 4 4 0
 7 2 0 1 6 0 1 4 0 7 6 8 9 1 0 4 0 0 6 1 5 8 8 3 2 2 6 2 0 6 5 9 8 4 3 3 7
 1 2 7 3 1 0 8 4 7 1 9 4 1 9 6 6 0 2 3 6 7 7 6 3 3 2]
0.9843
6
0.0136467888108
[9 4 6 1 3 0 9 2 6 1 4 1 1 6 1 1 4 2 0 4 3 2 0 9 7 8 6 8 4 1 8 9 5 7 3 2 4
 6 7 1 5 4 1 1 8 2 7 8 9 6 8 7 6 1 4 6 2 4 9 0 2 1 4 0 7 0 2 0 4 0 4 6 1 5
 8 9 1 6 4 4 4 9 1 7 6 2 3 9 6 1 5 1 6 7 7 3 4 3 2 2]
[9 4 6 1 3 0 9 2 6 1 4 1 1 6 1 1 4 2 0 4 3 2 0 9 7 8 6 8 4 1 8 9 5 7 3 2 4
 6 7 1 5 4 1 1 8 2 7 8 9 6 8 7 6 1 4 6 2 4 9 0 2 1 4 0 7 0 2 0 4 0 4 6 1 5
 8 9 1 6 4 4 4 9 1 7 6 2 3 9 6 1 5 1 6 7 7 3 4 3 2 2]
0.986616666667
7
0.00249797346853
[7 4 5 8 1 5 7 1 1 7 4 4 4 6 8 2 8 0 8 9 6 1 1 3 5 2 2 6 7 8 2 3 5 0 7 4 8
 3 2 7 2 6 4 6 5 5 0 6 7 3 3 8 2 9 1 3 8 6 0 4 7 4 7 1 9 0 6 2 0 7 0 8 0 5
 3 0 8 3 0 2 4 5 3 5 1 6 5 2 7 4 7 8 5 1 7 8 3 4 2 2]
[7 4 5 8 1 5 7 1 1 7 4 4 4 6 8 2 8 0 8 9 6 1 1 3 5 2 2 6 7 8 2 3 5 0 7 4 8
 3 2 7 2 6 4 6 5 5 0 6 7 3 3 8 2 9 1 3 8 6 0 4 7 4 7 1 9 0 6 2 0 7 0 8 0 5
 3 0 8 3 0 2 4 5 3 5 1 6 5 2 7 4 7 8 5 1 7 8 3 4 2 2]
0.990416666667
8
0.0249806451473
[7 1 4 1 4 4 7 3 7 5 6 1 3 9 3 6 1 2 9 1 0 9 6 5 9 8 9 9 4 9 9 7 4 1 1 7 6
 2 7 6 7 9 2 4 9 3 4 7 6 5 7 2 0 5 5 1 1 3 3 4 2 0 7 9 1 5 2 8 2 9 9 5 8 0
 2 8 1 1 3 4 0 9 3 5 9 9 2 2 8 6 9 2 9 2 6 7 2 4 5 5]
[7 8 4 1 4 4 7 3 7 5 6 1 3 9 3 6 1 2 9 1 0 9 6 5 9 8 9 9 4 9 9 7 4 1 1 7 6
 2 7 6 7 9 2 4 9 3 4 7 6 5 7 2 0 5 5 1 1 3 3 4 2 0 7 9 1 5 2 8 2 9 9 5 8 0
 2 8 1 1 3 4 0 9 3 5 9 9 2 2 8 5 9 2 9 2 6 7 2 4 5 5]
0.991233333333
9
0.00225277363686
[9 8 2 1 8 1 1 1 5 1 8 4 1 6 2 8 1 0 3 4 2 2 3 4 1 3 7 0 6 9 5 6 7 0 7 1 9
 5 0 4 6 9 5 2 8 4 2 1 6 5 0 1 2 8 6 9 1 3 2 5 9 3 2 8 0 6 5 0 9 0 2 0 4 3
 1 7 3 3 2 6 3 2 3 5 4 2 7 6 6 6 7 8 1 1 0 5 5 8 1 6]
[9 8 2 1 8 1 1 1 5 1 8 4 1 6 2 8 1 0 3 4 2 2 3 4 1 3 7 0 6 9 5 6 7 0 7 1 9
 5 0 4 6 9 5 2 8 4 2 1 6 5 0 1 2 8 6 9 1 3 2 5 9 3 2 8 0 6 5 0 9 0 2 0 4 3
 1 7 3 3 2 6 3 2 3 5 4 2 7 6 6 6 7 8 1 1 0 5 5 8 1 6]
0.99145
10
0.00696795253468
[2 1 7 9 0 3 0 4 6 6 8 3 5 8 7 8 3 3 0 4 3 6 4 2 7 0 8 2 7 5 8 8 4 5 6 5 0
 4 2 9 7 9 2 7 8 2 3 5 1 6 9 0 8 7 7 9 8 9 1 1 0 9 2 3 7 7 0 8 8 4 7 3 2 3
 2 5 5 2 6 1 7 8 6 2 0 6 7 7 7 2 6 8 7 0 3 9 2 8 7 1]
[2 1 7 9 0 3 0 4 6 6 8 3 5 8 7 8 3 3 0 4 3 6 4 2 7 0 8 2 7 5 8 8 4 5 6 5 0
 4 2 9 7 9 2 7 8 2 3 5 1 6 9 0 8 7 7 9 8 9 1 1 0 9 2 3 7 7 0 8 8 4 7 3 2 3
 2 5 5 2 6 1 7 8 6 2 0 6 7 7 7 2 6 8 7 0 3 9 2 8 7 1]
0.994466666667
11
0.0257613552928
[8 1 6 5 7 7 0 7 6 7 8 7 0 5 2 5 6 6 7 8 8 3 8 6 3 9 9 6 3 0 6 1 4 3 1 9 3
 4 3 0 6 1 6 8 1 9 5 7 8 6 8 9 5 5 1 1 5 4 3 5 9 1 7 5 1 4 2 4 8 4 0 4 8 8
 5 2 1 8 0 8 0 6 8 0 8 3 9 5 7 1 7 8 2 0 7 0 5 4 8 0]
[8 1 6 5 7 7 0 7 6 7 8 7 0 5 2 5 6 6 7 8 8 3 8 6 3 9 9 0 3 0 6 1 4 3 1 9 3
 4 3 0 6 1 6 8 1 9 5 7 8 6 8 9 5 5 1 1 5 4 3 5 9 1 7 5 1 4 2 4 8 4 0 4 8 8
 5 2 1 8 0 8 0 6 8 0 8 3 9 5 7 1 7 8 2 0 7 0 5 4 8 0]
0.99525
12
0.00430993711791
[5 1 4 3 5 8 7 8 0 3 7 3 3 1 3 4 7 4 9 2 6 7 6 4 4 7 5 1 8 2 6 1 3 3 1 7 2
 8 9 6 3 9 0 0 8 2 3 4 7 0 8 3 9 9 9 6 9 1 0 3 3 9 3 0 5 9 4 6 7 4 4 6 4 5
 2 0 8 4 1 1 3 0 7 7 1 1 0 1 6 6 9 8 5 3 2 2 7 2 9 0]
[5 1 4 3 5 8 7 8 0 3 7 3 3 1 3 4 7 4 9 2 6 7 6 4 4 7 5 1 8 2 6 1 3 3 1 7 2
 8 9 6 3 9 0 0 8 2 3 4 7 0 8 3 9 9 9 6 9 1 0 3 3 9 3 0 5 9 4 6 7 4 4 6 4 5
 2 0 8 4 1 1 3 0 7 7 1 1 0 1 6 6 9 8 5 3 2 2 7 2 9 0]
0.99675
13
0.0596350053925
[2 1 0 6 7 7 2 5 2 3 9 7 5 1 9 6 2 2 8 0 8 1 3 5 7 1 6 9 2 2 1 2 4 4 1 0 9
 9 7 1 1 3 3 6 6 1 1 1 2 7 9 2 6 6 7 9 7 5 1 0 3 2 7 8 6 3 2 8 0 7 0 2 9 6
 6 5 0 3 2 5 4 9 2 9 7 8 1 8 2 4 0 7 1 4 2 1 0 5 4 8]
[2 1 0 6 7 7 2 5 2 3 9 7 5 1 9 6 2 2 8 0 8 1 3 5 7 1 6 9 2 2 1 2 4 4 1 0 9
 9 7 1 1 3 3 6 6 1 1 1 2 7 9 1 6 6 7 9 7 5 1 0 3 2 7 8 6 3 2 8 0 7 0 2 9 6
 6 5 0 3 2 5 4 9 2 9 7 8 1 8 2 4 0 7 1 4 2 1 0 5 4 8]
0.997533333333
14
0.0035518747675
[6 3 7 7 4 2 8 3 2 4 3 2 0 2 3 5 4 6 4 0 0 8 2 1 0 2 4 5 9 4 9 4 4 2 5 6 4
 7 6 0 6 5 5 7 4 9 5 6 5 5 0 6 1 5 5 6 4 7 6 9 6 4 7 1 0 7 9 9 3 4 5 0 4 2
 9 2 3 1 7 1 6 0 4 7 4 2 6 4 9 3 9 8 9 2 7 9 1 2 5 7]
[6 3 7 7 4 2 8 3 2 4 3 2 0 2 3 5 4 6 4 0 0 8 2 1 0 2 4 5 9 4 9 4 4 2 5 6 4
 7 6 0 6 5 5 7 4 9 5 6 5 5 0 6 1 5 5 6 4 7 6 9 6 4 7 1 0 7 9 9 3 4 5 0 4 2
 9 2 3 1 7 1 6 0 4 7 4 2 6 4 9 3 9 8 9 2 7 9 1 2 5 7]
0.998033333333
15
0.00055321917309
[7 5 7 8 7 4 3 7 9 4 1 4 4 8 6 7 5 5 6 7 2 7 6 5 7 3 4 8 4 6 3 9 2 5 0 3 8
 3 1 0 7 1 9 7 0 2 1 3 5 8 2 4 9 9 3 0 5 2 1 7 2 9 6 2 0 4 0 6 3 2 1 2 7 7
 2 7 1 3 6 1 2 1 7 1 9 1 3 9 1 2 6 8 4 7 2 3 2 0 1 8]
[7 5 7 8 7 4 3 7 9 4 1 4 4 8 6 7 5 5 6 7 2 7 6 5 7 3 4 8 4 6 3 9 2 5 0 3 8
 3 1 0 7 1 9 7 0 2 1 3 5 8 2 4 9 9 3 0 5 2 1 7 2 9 6 2 0 4 0 6 3 2 1 2 7 7
 2 7 1 3 6 1 2 1 7 1 9 1 3 9 1 2 6 8 4 7 2 3 2 0 1 8]
0.999066666667
16
0.000621979258885
[8 6 7 6 9 6 7 4 6 8 4 5 5 7 5 0 8 8 2 5 3 9 0 2 2 6 8 0 7 2 6 6 3 8 5 5 1
 7 0 9 2 2 6 3 3 2 6 8 1 5 1 1 1 4 6 6 6 8 4 9 2 3 1 7 7 8 2 9 1 1 3 2 2 5
 6 3 7 4 6 4 6 5 4 1 6 4 1 9 8 3 6 1 1 2 9 2 4 1 9 3]
[8 6 7 6 9 6 7 4 6 8 4 5 5 7 5 0 8 8 2 5 3 9 0 2 2 6 8 0 7 2 6 6 3 8 5 5 1
 7 0 9 2 2 6 3 3 2 6 8 1 5 1 1 1 4 6 6 6 8 4 9 2 3 1 7 7 8 2 9 1 1 3 2 2 5
 6 3 7 4 6 4 6 5 4 1 6 4 1 9 8 3 6 1 1 2 9 2 4 1 9 3]
0.998566666667
17
0.00023643687271
[2 5 4 0 8 0 0 7 5 8 8 2 5 8 4 5 8 1 1 2 6 8 8 1 2 2 4 0 8 8 9 3 4 2 4 2 3
 2 4 7 6 2 5 6 8 5 1 3 3 7 9 8 8 7 4 5 1 5 3 7 7 2 3 6 7 4 3 9 6 3 2 9 0 0
 3 5 5 6 3 5 0 5 2 1 4 6 3 1 9 4 8 2 6 5 9 1 7 6 2 4]
[2 5 4 0 8 0 0 7 5 8 8 2 5 8 4 5 8 1 1 2 6 8 8 1 2 2 4 0 8 8 9 3 4 2 4 2 3
 2 4 7 6 2 5 6 8 5 1 3 3 7 9 8 8 7 4 5 1 5 3 7 7 2 3 6 7 4 3 9 6 3 2 9 0 0
 3 5 5 6 3 5 0 5 2 1 4 6 3 1 9 4 8 2 6 5 9 1 7 6 2 4]
0.999216666667
18
0.000753243405248
[3 5 7 7 5 1 0 2 3 0 6 8 6 0 6 5 2 9 9 1 2 8 4 7 3 1 8 0 5 1 4 4 3 7 9 0 7
 8 7 9 1 2 5 2 4 5 5 9 2 8 0 4 7 0 9 3 8 4 9 2 3 1 1 6 0 7 5 9 3 1 4 5 5 1
 9 2 4 6 4 7 6 1 8 6 8 2 5 1 6 4 7 2 5 7 2 0 5 8 8 7]
[3 5 7 7 5 1 0 2 3 0 6 8 6 0 6 5 2 9 9 1 2 8 4 7 3 1 8 0 5 1 4 4 3 7 9 0 7
 8 7 9 1 2 5 2 4 5 5 9 2 8 0 4 7 0 9 3 8 4 9 2 3 1 1 6 0 7 5 9 3 1 4 5 5 1
 9 2 4 6 4 7 6 1 8 6 8 2 5 1 6 4 7 2 5 7 2 0 5 8 8 7]
0.999466666667
19
7.22963504292e-05
[9 8 5 4 0 4 8 5 8 4 2 6 6 3 7 4 4 6 8 9 8 5 1 0 7 2 6 1 8 4 2 1 7 6 9 8 4
 1 7 0 4 0 7 1 5 4 1 9 1 1 7 6 0 1 3 5 0 4 6 4 5 9 8 4 7 2 9 6 3 6 6 3 1 2
 4 7 9 8 3 6 6 6 2 5 6 1 8 8 1 9 3 5 2 3 1 4 0 5 3 8]
[9 8 5 4 0 4 8 5 8 4 2 6 6 3 7 4 4 6 8 9 8 5 1 0 7 2 6 1 8 4 2 1 7 6 9 8 4
 1 7 0 4 0 7 1 5 4 1 9 1 1 7 6 0 1 3 5 0 4 6 4 5 9 8 4 7 2 9 6 3 6 6 3 1 2
 4 7 9 8 3 6 6 6 2 5 6 1 8 8 1 9 3 5 2 3 1 4 0 5 3 8]
0.999766666667
20
0.00077656325965
[6 0 2 3 9 6 5 1 7 0 3 6 1 4 9 0 8 3 5 9 8 0 4 7 3 0 5 4 5 9 6 0 1 9 8 2 7
 8 7 8 3 2 9 0 3 9 5 9 9 6 0 6 9 8 8 8 4 8 6 2 7 2 0 8 2 3 0 7 1 6 2 8 1 4
 3 3 6 7 6 3 0 6 8 9 9 2 3 8 4 0 4 5 8 4 6 7 4 2 4 2]
[6 0 2 3 9 6 5 1 7 0 3 6 1 4 9 0 8 3 5 9 8 0 4 7 3 0 5 4 5 9 6 0 1 9 8 2 7
 8 7 8 3 2 9 0 3 9 5 9 9 6 0 6 9 8 8 8 4 8 6 2 7 2 0 8 2 3 0 7 1 6 2 8 1 4
 3 3 6 7 6 3 0 6 8 9 9 2 3 8 4 0 4 5 8 4 6 7 4 2 4 2]
0.999733333333




Pooling

0.86
1
0.588448181315
[5 0 3 8 1 9 8 5 7 5 4 5 7 2 7 7 4 9 2 1 5 4 9 1 1 6 4 9 8 8 3 9 9 5 1 5 8
 5 9 9 5 5 5 9 4 4 5 5 7 4 9 2 7 3 1 5 2 6 8 4 1 8 4 4 4 8 6 1 4 8 0 3 7 8
 8 7 7 0 1 0 3 3 1 8 3 6 6 7 5 9 3 8 6 2 4 4 6 5 3 9]
[5 0 3 0 1 7 8 5 7 5 4 5 7 3 2 7 4 4 2 1 1 4 9 1 1 3 4 9 8 8 3 9 9 5 1 5 3
 8 9 9 5 5 5 4 4 4 5 5 7 4 9 2 7 5 1 5 2 6 0 4 1 8 4 4 4 8 6 1 4 5 0 3 7 8
 8 7 7 0 1 0 3 3 1 8 3 6 6 7 5 9 3 8 8 2 4 4 6 5 3 9]
0.672316666667
0.85

2
0.226844764181
[7 4 9 4 1 0 6 8 5 6 5 3 4 0 7 5 3 9 4 9 9 8 0 1 6 0 9 4 4 7 3 4 1 5 1 6 0
 9 5 6 6 2 6 3 7 7 7 4 7 6 3 2 4 3 8 1 0 7 2 7 9 3 2 7 3 7 2 9 6 9 4 8 0 7
 7 7 9 8 0 0 6 8 8 2 4 2 3 1 9 4 7 4 7 4 5 8 9 1 7 6]
[7 4 9 4 1 0 6 8 5 6 5 3 4 0 7 5 5 9 9 4 9 8 0 1 6 0 9 4 4 7 3 4 1 5 1 6 0
 9 5 6 6 2 6 3 7 7 9 2 7 6 3 2 4 3 8 1 0 7 2 7 9 3 2 7 3 7 2 9 6 9 4 8 0 7
 7 7 9 8 0 0 6 8 8 2 4 2 3 1 9 8 7 4 7 4 5 8 9 1 7 6]
0.90075
0.98

3
0.181750636022
[7 6 8 3 3 7 7 1 6 5 4 6 1 8 8 1 3 3 1 0 0 7 6 3 0 8 0 4 2 0 4 1 8 2 1 2 2
 6 9 7 4 6 3 6 2 3 0 1 3 0 0 7 9 4 7 5 0 0 6 7 9 0 0 1 9 5 0 6 3 7 9 6 3 3
 9 8 1 8 9 6 1 5 4 4 9 3 0 7 5 6 9 9 7 2 3 1 1 6 2 2]
[7 6 8 3 3 7 7 1 6 3 4 6 1 8 8 1 3 3 1 0 0 7 6 3 0 8 0 4 1 0 4 1 8 2 1 2 2
 6 9 7 4 6 3 6 2 3 0 1 3 0 0 7 3 4 7 5 0 0 6 2 9 0 0 1 9 5 0 6 3 7 9 6 3 3
 9 8 1 8 9 6 1 5 4 4 9 3 0 7 5 6 9 9 7 2 3 1 1 6 2 2]
0.950583333333
0.97

4
0.0877065175318
[5 6 1 1 2 3 3 6 3 0 6 3 5 2 1 0 2 6 8 5 1 6 9 3 8 6 6 1 3 4 1 0 3 6 1 8 4
 4 3 6 1 9 5 1 7 0 4 2 9 1 2 3 5 8 8 7 3 2 9 5 7 7 1 2 7 4 2 6 7 4 8 1 7 1
 1 4 7 3 6 2 7 3 8 9 6 8 0 0 7 2 1 2 7 2 4 7 3 0 6 8]
[5 6 1 1 2 3 3 6 3 0 6 3 5 2 1 0 2 6 8 5 1 6 9 3 8 6 6 1 3 4 1 0 3 6 1 8 4
 4 3 6 1 5 5 1 7 0 4 2 9 1 2 3 5 8 8 7 3 2 9 8 7 7 1 2 7 4 2 6 7 4 8 1 7 1
 1 4 7 3 6 2 7 3 8 9 6 8 0 0 7 2 1 2 7 2 4 7 3 0 6 8]
0.962416666667
0.98

5
0.034149032027
[9 1 5 3 8 6 4 2 2 2 9 9 8 0 1 2 3 8 8 5 6 7 2 8 9 2 0 5 4 6 7 2 6 1 4 4 0
 7 2 0 1 6 0 1 4 0 7 6 8 9 1 0 4 0 0 6 1 5 8 8 3 2 2 6 2 0 6 5 9 8 4 3 3 7
 1 2 7 3 1 0 8 4 7 1 9 4 1 9 6 6 0 2 3 6 7 7 6 3 3 2]
[9 1 5 3 8 6 4 2 2 2 9 9 8 0 1 2 3 8 8 5 6 7 2 8 9 2 0 5 4 6 7 2 6 1 4 4 0
 7 2 0 1 6 0 1 4 0 7 6 8 9 1 0 4 0 0 6 1 5 8 8 3 2 2 6 2 0 6 5 9 8 4 3 3 7
 1 2 7 3 1 0 8 4 7 1 9 4 1 9 6 6 0 2 3 6 7 7 6 3 3 2]
0.97165
0.97

6
0.055802701571
[9 4 6 1 3 0 9 2 6 1 4 1 8 6 1 1 7 2 0 4 3 2 0 9 7 8 6 8 4 1 8 9 5 7 3 2 4
 6 7 1 5 4 1 1 8 2 7 8 9 6 8 7 6 1 4 6 2 4 9 0 2 1 4 0 7 0 2 0 4 0 4 6 1 5
 8 9 1 6 4 4 4 9 1 7 6 2 3 9 8 1 5 1 6 7 7 3 4 3 2 2]
[9 4 6 1 3 0 9 2 6 1 4 1 1 6 1 1 4 2 0 4 3 2 0 9 7 8 6 8 4 1 8 9 5 7 3 2 4
 6 7 1 5 4 1 1 8 2 7 8 9 6 8 7 6 1 4 6 2 4 9 0 2 1 4 0 7 0 2 0 4 0 4 6 1 5
 8 9 1 6 4 4 4 9 1 7 6 2 3 9 6 1 5 1 6 7 7 3 4 3 2 2]
0.975316666667
0.96

7
0.00900298536658
[7 4 5 8 1 5 7 1 1 7 4 4 4 6 8 2 8 0 8 9 6 1 1 3 5 2 2 6 7 8 2 3 5 0 7 4 8
 3 2 7 2 6 4 6 5 5 0 6 7 3 3 8 2 9 1 3 8 6 0 4 7 4 7 1 9 0 6 2 0 7 0 8 0 5
 3 0 8 3 0 2 4 5 3 5 1 6 5 2 7 4 7 8 5 1 7 8 3 4 2 2]
[7 4 5 8 1 5 7 1 1 7 4 4 4 6 8 2 8 0 8 9 6 1 1 3 5 2 2 6 7 8 2 3 5 0 7 4 8
 3 2 7 2 6 4 6 5 5 0 6 7 3 3 8 2 9 1 3 8 6 0 4 7 4 7 1 9 0 6 2 0 7 0 8 0 5
 3 0 8 3 0 2 4 5 3 5 1 6 5 2 7 4 7 8 5 1 7 8 3 4 2 2]
0.979866666667
1.0

8
0.0533310075227
[7 1 4 1 4 4 7 3 7 5 6 1 3 9 3 6 1 2 9 1 0 9 6 5 9 8 9 9 4 9 9 7 4 1 1
 2 7 6 7 9 2 4 9 3 4 7 6 5 7 2 0 5 5 1 1 3 3 4 2 0 7 9 1 5 2 8 2 9 9 5
 2 8 1 1 3 4 0 9 3 5 9 9 2 2 8 5 9 2 9 2 6 7 2 4 5 5]
[7 8 4 1 4 4 7 3 7 5 6 1 3 9 3 6 1 2 9 1 0 9 6 5 9 8 9 9 4 9 9 7 4 1 1
 2 7 6 7 9 2 4 9 3 4 7 6 5 7 2 0 5 5 1 1 3 3 4 2 0 7 9 1 5 2 8 2 9 9 5
 2 8 1 1 3 4 0 9 3 5 9 9 2 2 8 5 9 2 9 2 6 7 2 4 5 5]
0.981016666667


9
0.00665112450897
[9 8 2 1 8 1 1 1 5 1 8 4 1 6 2 8 1 0 3 4 2 2 3 4 1 3 7 0 6 9 5 6 7 0 7 1 9
 5 0 4 6 9 5 2 8 4 2 1 6 5 0 1 2 8 6 9 1 3 2 5 9 3 2 8 0 6 5 0 9 0 2 0 4 3
 1 7 3 3 2 6 3 2 3 5 4 2 7 6 6 6 7 8 1 1 0 5 5 8 1 6]
[9 8 2 1 8 1 1 1 5 1 8 4 1 6 2 8 1 0 3 4 2 2 3 4 1 3 7 0 6 9 5 6 7 0 7 1 9
 5 0 4 6 9 5 2 8 4 2 1 6 5 0 1 2 8 6 9 1 3 2 5 9 3 2 8 0 6 5 0 9 0 2 0 4 3
 1 7 3 3 2 6 3 2 3 5 4 2 7 6 6 6 7 8 1 1 0 5 5 8 1 6]
0.981883333333
0.98


10
0.0735920553717
[2 1 7 9 0 3 0 4 6 6 8 3 5 8 7 8 3 3 0 4 3 6 4 2 7 0 8 2 7 5 8 8 4 5 4 5 0
 4 2 9 7 9 2 7 8 2 3 5 1 6 9 0 8 7 7 9 8 9 7 1 0 9 2 3 7 7 0 8 8 4 7 3 2 3
 2 6 5 2 6 1 7 8 6 2 0 6 7 7 7 2 6 8 7 0 3 9 2 8 7 1]
[2 1 7 9 0 3 0 4 6 6 8 3 5 8 7 8 3 3 0 4 3 6 4 2 7 0 8 2 7 5 8 8 4 5 6 5 0
 4 2 9 7 9 2 7 8 2 3 5 1 6 9 0 8 7 7 9 8 9 1 1 0 9 2 3 7 7 0 8 8 4 7 3 2 3
 2 5 5 2 6 1 7 8 6 2 0 6 7 7 7 2 6 8 7 0 3 9 2 8 7 1]
0.984616666667





0
2.82418103786
0.000116666666667
0.1009
1
0.29643870837
0.795683333333
0.912
2
0.198124836009
0.92315
0.93
3
0.123415203731
0.946833333333
0.9529
4
0.0486274073825
0.962966666667
0.965
5
0.0336856812708
0.971483333333
0.9655
6
0.0340058082797
0.977133333333
0.967
7
0.0190712095838
0.980266666667
0.9712
8
0.0621770565979
0.982233333333
0.9727
9
0.0356724974256
0.984183333333
0.9735
10
0.0762086765111
0.98675
0.9716
11
0.102627040043
0.98825
0.9747
12
0.0028726262915
0.990016666667
0.9741
13
0.0317021293838
0.990816666667
0.9743
14
0.027625600742
0.991566666667
0.9766
15
0.0293404411536
0.992533333333
0.9771
16
0.0426197717907
0.993533333333
0.9752
17
0.0216056280014
0.993883333333
0.974
18
0.00432661314067
0.994566666667
0.9754
19
0.00501297002162
0.995533333333
0.9737
20
0.0299531178909
0.994433333333
0.9756
21
0.00431059771034
0.995916666667
0.9764
22
0.00127171772843
0.996366666667
0.976
23
0.009928930077
0.996466666667
0.9755
24
0.00438970265918
0.996566666667
0.9756
25
0.00255718680757
0.996716666667
0.9754
26
0.0225025340221
0.997966666667
0.9752
27
0.0308242303794
0.997683333333
0.973
28
0.00303978242793
0.99815
0.9761
29
0.0116759984925
0.998616666667
0.9758
30
0.0166237966145
0.999083333333
0.9766

CNN8
[2.6346182886881282, 0.54012629884617669, 0.20157687872561425, 0.16702047036455694, 0.057082261108284668, 0.039311721020
36138, 0.036503410918741548, 0.021413248425778689, 0.059385277679894627, 0.0062202423913886263, 0.032293813075035475, 0.
056194024159574724, 0.018348926650811181, 0.01403829475555171, 0.022186077613124619, 0.0086606330342293911, 0.0229745658
80814101, 0.014217003792217528, 0.014584176201444188, 0.0023001434572498497, 0.01048982199124438, 0.018234245103912267,
0.00072123892411141296, 0.0094323071862657641, 0.012441493448755512, 0.0033840674086572987, 0.044008352089672478, 0.0079
347115890436425, 0.031282908122313657, 0.00262539886241835, 0.00096906574155406465]
[0.00018333333333333334, 0.67868333333333, 0.9152500000000102, 0.959633333333344, 0.9674333333333438, 0.974016666666677,
 0.9783500000000102, 0.9817000000000102, 0.9818833333333437, 0.9830666666666769, 0.9855833333333434, 0.9864500000000099,
 0.9890500000000101, 0.9888833333333433, 0.9904333333333434, 0.9914166666666764, 0.9920666666666766, 0.9923333333333434,
 0.9931666666666769, 0.9939833333333434, 0.9934500000000098, 0.9945333333333434, 0.9956000000000099, 0.9951833333333432,
 0.9966333333333431, 0.9963333333333432, 0.9967833333333432, 0.9968833333333432, 0.9979333333333431, 0.9978666666666764,
 0.998333333333343]
[0.0892, 0.8583, 0.9462, 0.9594, 0.9673, 0.9696, 0.9702, 0.9721, 0.9703, 0.9725, 0.9708, 0.9732, 0.9746, 0.975, 0.9743,
0.975, 0.9733, 0.9739, 0.9735, 0.9764, 0.9751, 0.9756, 0.9757, 0.9752, 0.9775, 0.9733, 0.9753, 0.9747, 0.9768, 0.976, 0.
9762]



CNNadam8

[2.4442574324607942, 0.15931534840150718, 0.10185415271858696, 0.090874664542368783, 0.04523850721298546, 0.032641693572841482, 0.037531238930942123, 0.039642245149734349, 0.038955628478865197, 0.030066131772162396, 0.087334811150324418]
[0.00018333333333333334, 0.912066666666677, 0.9655166666666771, 0.9727500000000104, 0.9766000000000101, 0.9815666666666768, 0.9818166666666771, 0.9833500000000102, 0.9837000000000102, 0.9858500000000101, 0.9863333333333436]
[0.0892, 0.9435, 0.9561, 0.961, 0.969, 0.9697, 0.9699, 0.9654, 0.9625, 0.9721, 0.9668]
[0.016637842780132341, 0.032593408257732021, 0.02187903770629309, 0.050901378060400689, 0.02207255496841198, 0.015025554101469534, 0.018548492473636782, 0.0066791752009377715, 0.042251550308362154, 0.006974116885835443, 0.059211276802642751]
[0.0016666666666666668, 0.9867833333333434, 0.9868166666666768, 0.9881166666666767, 0.9880833333333433, 0.9893166666666765, 0.9889333333333433, 0.9899500000000103, 0.98890000000001, 0.9885666666666768, 0.9907000000000101]
[0.9666, 0.9681, 0.9689, 0.9702, 0.9734, 0.9676, 0.9636, 0.9662, 0.9661, 0.9689, 0.9685]
